727727812 94176171
934852460 651354712
730569947 883312039
806906653 565260455
527061509 316594675
902317826 769298902
539156931 133679906
628130392 166525097
730774638 519344941
629938843 670012362
482313830 319708737
409957007 583472481
545333436 444409116
531195297 587167407
665402327 791429523
831144695 486869354
838686881 829921976
757702753 410994047
771623934 941586629
488859608 91805365
799547789 262766689
137313215 72433530
659185163 12860591
970869723 421259946
31203732 895396233
998710797 232069420
53633202 882536462
563980196 408019074
684219164 351379979
106021276 286160830
352116742 219739246
899858127 735631985
485449980 415448472
930612021 709234955
375977153 217136345
394901162 789188008
30485332 538133477
870464573 219547141
182395522 337523476
924287318 532472844
473539393 109935350
555963674 770006094
792718726 599075274
433236151 956150418
265941779 349683678
726774883 420243955
835565353 202698777
739688623 579808542
362908561 401681229
586983550 243736691
82248569 261634768
45282792 814067386
500495071 209522788
201584087 515499725
12071889 344433055
225623552 346695687
427092660 573548432
812621436 242181391
663775571 129852032
942913258 886374705
982212320 974461602
443293175 26293475
490361462 974657206
953622654 827786555
798444854 290656030
856638579 780714292
750539926 680550626
450224274 211904625
64652557 741896287
269511023 583195937
397491187 917736425
944078529 921508723
124060126 380079195
993151294 262016920
390077340 497507231
916032970 233056529
458767970 700608844
261524370 107786967
818341592 18989317
323705924 525837864
255900133 373797531
717054870 721415858
487794475 444909259
596155761 746542034
123324157 600716811
177528833 921879284
860341009 359717321
488883518 64475894
30383073 521784452
902233349 110282266
981505911 691605734
437709214 300937622
374623060 623582050
321946322 49931081
419026256 342437307
393563033 45663240
418190363 743673158
327295803 23693655
200681555 222662670
433714247 679150866
783923433 246609260
138692763 789360529
319978397 994153686
372715519 99050649
211725325 197048475
77403893 296557140
116755968 213423658
544331953 564294399
936088317 416117247
346792798 864212425
122962937 546224679
327515777 780886850
207153778 131865593
503688920 116667851
32421517 465189862
863794339 807720403
88070204 223082482
326358832 734896650
552912970 648348685
980959224 380469374
250866531 222895672
838205756 221977780
265033414 97005893
928907271 204766704
199341204 763001403
87605338 784564307
875869872 569501822
556187929 237698754
919093483 357805913
582206751 188112804
490464765 256047668
66629131 746535463
333254135 269683490
208486936 893673486
887064825 809435303
11381429 287739631
435158022 966323424
613345894 900067264
708018923 105537997
515853435 110147885
202958321 298922216
917326646 269420114
377584524 79230032
931850530 518568381
666894553 88660078
815803167 195107057
66141934 792846420
890004608 994818862
156266540 91670292
888723644 995349924
888518956 35233785
317701879 389905901
751619974 799865707
349406284 909546448
956155928 656120664
529679830 813555485
841952477 472058865
985154483 191542549
338721021 797209017
368950938 254024103
337832959 689918554
226778932 798404747
993632135 816274371
221597696 642311602
76318815 618527031
743800723 616348630
216814352 520503511
221628928 167724535
981220337 527420745
517800139 577718816
729823747 22304082
562412453 10773888
558980247 2247681
353154580 594083068
807691936 698462059
656097841 359057523
722719353 634699541
657516964 198600402
808454852 519297131
396273765 935345603
578268010 707094681
833227632 337628896
912319940 913331200
596741133 321448965
250429937 817429948
210322212 811300275
279408878 791232122
524200355 315528877
127506101 216005044
239424500 991384454
463119790 627514628
834619665 377856755
962429189 384743200
893629276 582114810
862986547 23028526
359269682 461923205
131146980 582454536
999450806 22729066
189076449 224783556
98453947 645649046
405506547 31705615
343653130 990261988
488139847 844797565
79648644 931487231
110499186 341988087
71094300 592449808
279872631 404889310
472225812 950753382
872475015 455370877
375199707 527576740
19701923 14626322
458462417 227401411
458160265 748399006
680153295 696954341
791781315 501471289
126452427 902722545
117551097 593775453
585877906 431414175
283861497 844357677
889716908 117631623
305094556 962142044
471615624 520998460
951934225 766819874
182050574 726257669
110228723 48697424
150254050 733705572
849583848 570877207
625947123 390880224
573243197 116251719
532101723 739740840
164644270 382694302
139705916 609027896
215535659 168371755
474898711 686097177
819011404 40811637
666891885 28117338
565653968 257568083
222482184 57559879
543010697 937463957
275467186 691340391
566348432 953895626
586725618 743083891
351217238 392746855
53138696 546673889
967828330 194997681
858170977 167609777
312255954 149976067
952987353 922400253
822436128 862587728
305462800 783562470
291921163 495953396
907246265 69417086
381805538 122136711
168051603 592015764
348395023 568387244
847869526 635779239
840784532 840761331
173392408 210748643
795968684 396622025
257810657 822788803
115233058 928224821
718268847 624013722
182640660 499282107
715861384 415677901
304580730 300081930
235123750 680422969
632001157 491904716
399419228 70395036
46649361 517308531
361278352 229080527
224695252 461122931
198278866 399441085
347128154 222391737
326825244 471494622
976583658 742238709
126431568 425814103
604777070 482673996
668329411 363696342
777684548 283232542
886776426 882523431
406275327 752373701
287435034 48313092
333263493 167446557
3778082 348879816
441342103 102997372
164099282 278660153
35343672 28730130
598093551 654110126
729945954 318827761
276885567 960248922
172456862 244366762
439094242 562342020
173650362 809309647
75645899 149327160
823575304 35722886
292710487 763416818
630532105 478754921
822805200 472321550
173687897 149965774
66177592 179681597
218613654 977945428
30152518 873586286
578139427 847771415
390470430 576046939
884580445 14219284
633750387 458856786
6346975 926527503
710066568 161908564
313279458 725093013
874662730 523953845
91800657 854450922
525304511 405619217
810286884 400682463
648128047 556588751
205924930 125772000
480422229 579980179
252650169 97203969
741635268 194511434
214214243 565507956
984202593 325878946
418839217 499598960
264746714 809356020
401972498 833853701
757069843 704004601
768688352 660896635
159042091 448594883
275303044 542223747
87880940 364162732
452640916 624533301
63299401 177456963
199643367 833881678
370122008 758808444
533797054 53770207
206206617 909143005
184892234 515555134
947694321 747771502
740890419 548783783
105114628 592201696
589704207 715948491
3646718 976433183
643612620 944123445
787900399 545028295
966729909 31827345
304677135 710426422
9323028 377472536
741870517 589680942
502208554 806745629
126235579 584957538
129476951 505938270
275558965 348202290
627647084 847926837
519112366 253133217
713202314 411270589
707704463 726519260
437109118 495679244
774458524 736692424
620886582 86866218
533844343 255519921
45981279 825093713
792078535 501969708
749093071 495780194
899819977 807419698
773684617 358013379
245562947 934144790
422548204 520157089
462724744 83765937
440389526 655444428
348786098 795685782
425011079 534767181
831825980 555459319
324122882 578157875
273317303 513643784
603014011 5178092
968794359 415342336
272901286 870715657
538976258 304383238
713859734 773589256
599109218 131866889
948106860 711692668
479448600 355188935
165707641 773559673
303971056 916952029
32954499 690692587
296302898 965442154
738080120 738158560
830508842 511214097
993267732 236619215
177846826 170935196
222462891 386176192
204405686 768506524
389219019 830220611
661243504 551832546
981180830 158341506
369906202 666800269
56335209 216919208
847578922 713318410
55318581 476637045
389751678 550563208
274186819 356365273
480689285 912321424
708875194 3352204
677262216 534742725
40206815 27762161
311115505 477240519
595742429 428174022
909403997 561930667
507286981 710942076
965969915 335487030
112316169 752138509
935771198 874612993
320786385 629502628
909106945 521160911
890579638 117190431
455895516 516630687
846867537 627283618
896748376 866097617
905486907 292084262
59631329 385866814
152958395 126500778
511625731 953418669
847226000 892665682
71057839 628161187
307515211 285648254
206031429 344376505
510667130 54264647
438247039 522048310
420594075 606076291
591535038 79372565
94245259 156101305
644163087 923016383
571866644 794484818
630372981 968458811
531425645 43306380
656443760 215202718
651310746 580103100
182528635 985815390
240512777 982352528
27386993 428120702
558444788 280945758
213645699 604931383
911159002 111519011
5963556 792602890
189036578 374700066
445503542 299410615
700549224 980258763
291621555 996857089
482337691 588609348
381552024 52741181
262292700 102599028
96735541 264208831
629204494 990828710
693065758 930564029
871736011 452431648
281535532 438241546
578689298 163414335
520927776 813299501
942455605 39231704
11857380 460347633
788521261 837770091
779422232 156725578
597802837 357033144
514653494 671051983
288481545 185671545
503477698 651903429
600800503 974645811
165828001 455845760
184210216 949436868
975726888 920330292
418453253 75399527
920866878 736604930
93164534 7261995
720721317 537134888
459330986 478322053
54401484 443105987
576751967 921204391
264219919 424522609
323176795 940009963
666405993 272171349
476175216 22013775
642082484 686064466
948953949 629632103
837441042 604043486
997586334 65082015
629089285 993018736
63504815 91527088
41894380 713121734
916903213 42817302
63561044 590540841
636311827 977518605
211720996 810159491
131270060 60371711
75151461 679596112
710425891 741305392
132668965 244200253
283030875 703555539
444155075 396439477
433317043 234802411
787650980 463532431
169820952 116677830
539548554 394248970
849232768 61382748
379601172 485224879
879310010 551098185
507619395 280359492
876448919 75865151
635859521 498656610
810292778 831922992
554794405 888582238
554480641 157844930
893617595 256280941
932413050 384889032
709987860 359949275
647372012 645454902
279804691 682100801
255166322 600028612
420719889 519633997
437970051 817472025
960926723 69887312
680770539 589926582
800286101 159327706
233685996 852309472
367751334 207165724
67696017 945498465
586146699 601394050
680008006 899068742
909051789 11976022
223060235 283267612
461835920 464343735
351394888 19651896
837852866 233855108
271293494 825518594
25193170 276420306
655145262 116225524
60686558 992820753
870996268 484907093
207811699 964554058
357558828 734289888
22594944 80103577
17137698 502822136
292253257 701873547
59308203 678410640
2092794 356097580
690976823 408743866
296573761 154702439
355636104 496582987
718492423 661118642
752073716 566430993
888034212 408167402
827116302 91331027
552020462 951470492
884811907 593325945
730397781 195100913
691257042 944497731
654417193 488770346
260672668 381732342
447206037 848572751
727398638 135979319
174546904 592882853
823425799 669095590
585443483 246401395
819651763 905984119
637184649 374413280
766414669 546693057
212480342 791127835
846255676 614427541
252987275 925806670
950801674 340782764